edge columns compared: 13072; neighbour missing (not generated): 0
gap histogram (generated minus transplanted, blocks):
   -40: 1003
   -39: 30
   -38: 35
   -37: 48
   -36: 82
   -35: 110
   -34: 57
   -33: 101
   -32: 115
   -31: 138
   -30: 147
   -29: 143
   -28: 88
   -27: 137
   -26: 170
   -25: 142
   -24: 135
   -23: 93
   -22: 92
   -21: 56
   -20: 62
   -19: 77
   -18: 101
   -17: 192
   -16: 112
   -15: 117
   -14: 95
   -13: 81
   -12: 93
   -11: 67
   -10: 101
    -9: 76
    -8: 90
    -7: 81
    -6: 113
    -5: 138
    -4: 176
    -3: 228
    -2: 255
    -1: 590
    +0: 2220
    +1: 773
    +2: 316
    +3: 222
    +4: 213
    +5: 166
    +6: 169
    +7: 183
    +8: 172
    +9: 165
   +10: 122
   +11: 123
   +12: 113
   +13: 130
   +14: 98
   +15: 153
   +16: 134
   +17: 80
   +18: 75
   +19: 113
   +20: 87
   +21: 80
   +22: 103
   +23: 54
   +24: 64
   +25: 65
   +26: 42
   +27: 30
   +28: 33
   +29: 32
   +30: 18
   +31: 17
   +32: 13
   +33: 20
   +34: 18
   +35: 18
   +36: 26
   +37: 47
   +38: 27
   +39: 31
   +40: 740
columns with |gap| >= 3: 8918 (68.2%)
per rectangle (chunks, edge columns, |gap|>=3):
  [56, 24, 193, 129]    7536    3827
  [-1, -1, 2, 2]     256     256
  [71, 8, 77, 13]     416     338
  [160, 22, 163, 25]      96      16
  [157, 22, 159, 24]      80      58
  [67, 192, 69, 194]     192     192
  [214, 64, 216, 66]     192     192
  [193, 47, 195, 50]      96      96
  [70, 142, 72, 144]     192     192
  [194, 85, 196, 87]     144     144
  [71, 191, 73, 193]     192     192
  [294, 190, 296, 192]     192     134
  [249, 192, 251, 194]     112     109
  [85, 141, 87, 143]     192     192
  [61, 150, 63, 153]     176     176
  [127, 132, 130, 134]     224     193
  [203, 64, 205, 67]     224     222
  [247, 192, 249, 194]     112      99
  [248, 190, 250, 192]     112      91
  [61, 147, 63, 149]     144     143
  [63, 173, 65, 175]     192     190
  [260, 190, 262, 192]     192     128
  [193, 51, 195, 53]      80      80
  [68, 199, 70, 201]     192     192
  [81, 178, 83, 180]     192     192
  [64, 178, 66, 180]     192     191
  [201, 48, 203, 50]     192     189
  [272, 182, 274, 184]     192     156
  [195, 76, 197, 78]     192     164
  [82, 167, 84, 169]     192     191
  [59, 182, 61, 184]     192     191
  [71, 184, 73, 186]     192     192
  worst (108, 1145, 3103, 116, 8)
  worst (108, 1144, 3103, 116, 8)
  worst (107, 1146, 3103, 117, 10)
  worst (107, 1143, 3103, 115, 8)
  worst (106, 1142, 3103, 114, 8)
  worst (103, 1141, 3103, 113, 10)
  worst (95, -16, 15, 46, 141)
  worst (95, -16, 14, 46, 141)
  worst (95, -16, 13, 46, 141)
  worst (95, -16, 12, 46, 141)
  worst (95, -16, 11, 46, 141)
  worst (95, -16, 10, 46, 141)
  worst (95, -16, 9, 46, 141)
  worst (95, -16, -1, 47, 142)
  worst (94, -16, 18, 47, 141)
